-2.872360597394788551e-01 -4.084874408841572824e-01
-3.083500636714361365e-01 -4.527255140206569717e-01
-3.316065314504733630e-01 -4.958757745449180465e-01
-3.569495822433204069e-01 -5.378345406538037610e-01
-3.843183215577707923e-01 -5.785009934768201578e-01
-4.136469875604728008e-01 -6.177774193245337830e-01
-4.448651090900054283e-01 -6.555694444758317641e-01
-4.778976749855691208e-01 -6.917862619398806867e-01
-5.126653143244238597e-01 -7.263408496479163423e-01
-5.490844871349989109e-01 -7.591501795505898320e-01
-5.870676851274285735e-01 -7.901354171184525876e-01
-6.265236419591940775e-01 -8.192221107662154278e-01
-6.673575525306491008e-01 -8.463403707456355063e-01
-7.094713007834951846e-01 -8.714250370771795540e-01
-7.527636954548605486e-01 -8.944158361169637361e-01
-7.971307132205032175e-01 -9.152575253827632817e-01
-8.424657486429156794e-01 -9.339000262911064665e-01
-8.886598703237533758e-01 -9.502985444865091891e-01
-9.356020826450986982e-01 -9.644136774737233075e-01
-9.831795924706512313e-01 -9.762115092943778327e-01
-1.031278080166009525e+00 -9.856636920205250618e-01
-1.079781974286833535e+00 -9.927475138692760659e-01
-1.128574729274871125e+00 -9.974459537748608939e-01
-1.177539105494583627e+00 -9.997477222869860514e-01
-1.226557450937519889e+00 -9.996472886972190830e-01
-1.275511983917531289e+00 -9.971448943282207322e-01
-1.324285076077582612e+00 -9.922465519538928858e-01
-1.372759535028143407e+00 -9.849640313518355228e-01
-1.420818885938030185e+00 -9.753148310228277884e-01
-1.468347651401097131e+00 -9.633221361452851683e-01
-1.515231628906297923e+00 -9.490147628657217282e-01
-1.561358165244432383e+00 -9.324270890590735661e-01
-1.606616427192203433e+00 -9.135989717252572806e-01
-1.650897667823206127e+00 -8.925756512204406912e-01
-1.694095487805942213e+00 -8.694076425531397367e-01
-1.736106091061014212e+00 -8.441506140063392838e-01
-1.776828534163205520e+00 -8.168652533772798874e-01
-1.816164968889174780e+00 -7.876171221563192937e-01
-1.854020877327980488e+00 -7.564764979952375290e-01
-1.890305298989497507e+00 -7.235182058435160046e-01
-1.924931049365036007e+00 -6.888214381583281920e-01
-1.957814929415000904e+00 -6.524695646202487431e-01
-1.988877925480232456e+00 -6.145499318118949894e-01
-2.018045399136681350e+00 -5.751536533408336815e-01
-2.045247266537229436e+00 -5.343753909110542377e-01
-2.070418166809740779e+00 -4.923131268690386642e-01
-2.093497619106705177e+00 -4.490679287709701262e-01
-2.114430167929117310e+00 -4.047437065367742726e-01
-2.133165516375409965e+00 -3.594469627745028872e-01
-2.149658646995267208e+00 -3.132865368749798152e-01
-2.163869929957924487e+00 -2.663733434916218945e-01
-2.175765218275053314e+00 -2.188201060337859327e-01
-2.185315929849430017e+00 -1.707410858140266108e-01
-2.192499116152233807e+00 -1.222518075000708915e-01
-2.197297517363962172e+00 -7.346878153119179578e-02
-2.199699603846466900e+00 -2.450922416595984962e-02
-2.199699603846466900e+00 2.450922416595948186e-02
-2.197297517363961727e+00 7.346878153119319743e-02
-2.192499116152233807e+00 1.222518075000714050e-01
-2.185315929849430461e+00 1.707410858140262500e-01
-2.175765218275053314e+00 2.188201060337864323e-01
-2.163869929957924487e+00 2.663733434916223941e-01
-2.149658646995267652e+00 3.132865368749794821e-01
-2.133165516375409965e+00 3.594469627745024987e-01
-2.114430167929116422e+00 4.047437065367755493e-01
-2.093497619106704732e+00 4.490679287709706258e-01
-2.070418166809741223e+00 4.923131268690383311e-01
-2.045247266537228992e+00 5.343753909110546818e-01
-2.018045399136680906e+00 5.751536533408341256e-01
-1.988877925480232678e+00 6.145499318118946563e-01
-1.957814929415000682e+00 6.524695646202490762e-01
-1.924931049365035562e+00 6.888214381583288581e-01
-1.890305298989497285e+00 7.235182058435163377e-01
-1.854020877327980266e+00 7.564764979952376400e-01
-1.816164968889174336e+00 7.876171221563196267e-01
-1.776828534163205076e+00 8.168652533772801094e-01
-1.736106091061014212e+00 8.441506140063390617e-01
-1.694095487805941769e+00 8.694076425531400698e-01
-1.650897667823205239e+00 8.925756512204411353e-01
-1.606616427192202989e+00 9.135989717252575026e-01
-1.561358165244432383e+00 9.324270890590735661e-01
-1.515231628906297479e+00 9.490147628657218393e-01
-1.468347651401095577e+00 9.633221361452855014e-01
-1.420818885938030629e+00 9.753148310228276774e-01
-1.372759535028142963e+00 9.849640313518356338e-01
-1.324285076077581724e+00 9.922465519538929968e-01
-1.275511983917531511e+00 9.971448943282207322e-01
-1.226557450937519889e+00 9.996472886972190830e-01
-1.177539105494582961e+00 9.997477222869860514e-01
-1.128574729274869570e+00 9.974459537748608939e-01
-1.079781974286833979e+00 9.927475138692760659e-01
-1.031278080166009081e+00 9.856636920205249508e-01
-9.831795924706503431e-01 9.762115092943776107e-01
-9.356020826450990313e-01 9.644136774737234186e-01
-8.886598703237533758e-01 9.502985444865091891e-01
-8.424657486429152353e-01 9.339000262911062444e-01
-7.971307132205036616e-01 9.152575253827635038e-01
-7.527636954548604376e-01 8.944158361169637361e-01
-7.094713007834947405e-01 8.714250370771793319e-01
-6.673575525306483236e-01 8.463403707456350622e-01
-6.265236419591944106e-01 8.192221107662156498e-01
-5.870676851274281294e-01 7.901354171184522546e-01
-5.490844871349982448e-01 7.591501795505891659e-01
-5.126653143244240818e-01 7.263408496479165644e-01
-4.778976749855690098e-01 6.917862619398806867e-01
-4.448651090900050953e-01 6.555694444758313200e-01
-4.136469875604722457e-01 6.177774193245330059e-01
-3.843183215577710143e-01 5.785009934768203799e-01
-3.569495822433200738e-01 5.378345406538033169e-01
-3.316065314504729189e-01 4.958757745449172138e-01
-3.083500636714362475e-01 4.527255140206573047e-01
-2.872360597394788551e-01 4.084874408841571714e-01
2.907025731743182462e-01 4.161468365471422959e-01
3.121877513290047812e-01 4.602058355885451091e-01
3.358061721031041502e-01 5.031590482391331554e-01
3.615010849596927978e-01 5.449032661640299535e-01
3.892107499494864564e-01 5.853381860108956003e-01
4.188685860600973587e-01 6.243666504196460076e-01
4.504033311974453557e-01 6.618948814729672669e-01
4.837392134149062217e-01 6.978327060266685811e-01
5.187961329787699194e-01 7.320937723784585183e-01
5.554898548325479801e-01 7.645957577545339223e-01
5.937322109976597151e-01 7.952605661154171779e-01
6.334313124241860438e-01 8.240145158057713415e-01
6.744917697826336989e-01 8.507885165972867147e-01
7.168149226662102746e-01 8.755182356992570192e-01
7.602990766528650024e-01 8.981442523379398191e-01
8.048397476574842280e-01 9.186122005332822971e-01
8.503299129871225714e-01 9.368728997299509142e-01
8.966602684960081060e-01 9.528824729687739303e-01
9.437194912224555754e-01 9.666024523146643510e-01
9.913945068765930291e-01 9.779998712876910583e-01
1.039570761536207755e+00 9.870473440752108862e-01
1.088132496897855850e+00 9.937231313347253403e-01
1.136963028421869470e+00 9.980111924293524339e-01
1.185945025702940914e+00 9.999012239704024863e-01
1.234960794392583550e+00 9.993886845744449632e-01
1.283892558996094557e+00 9.964748057753827215e-01
1.332622745864481262e+00 9.911665890653120758e-01
1.381034265701403640e+00 9.834767890712792227e-01
1.429010794906302673e+00 9.734238829083573519e-01
1.476437055077707727e+00 9.610320257826814316e-01
1.523199090005139533e+00 9.463309929511184437e-01
1.569184539484029584e+00 9.293561081770350674e-01
1.614282909295756241e+00 9.101481588540649703e-01
1.658385836704060701e+00 8.887532980018234552e-01
1.701387350829933531e+00 8.652229333690486524e-01
1.743184127279315154e+00 8.396136039106374405e-01
1.783675736411805435e+00 8.119868439353783440e-01
1.822764884653838013e+00 7.824090352508026314e-01
1.860357648276481868e+00 7.509512476604286446e-01
1.896363699076152765e+00 7.176890681966510144e-01
1.930696521415971922e+00 6.827024194995927608e-01
1.963273620106253503e+00 6.460753677783224180e-01
1.994016718624628481e+00 6.078959208158724037e-01
2.022851947199519440e+00 5.682558165034118369e-01
2.049710020305041347e+00 5.272503024116779180e-01
2.074526403140836806e+00 4.849779069293267963e-01
2.097241466696824652e+00 4.415402025181072720e-01
2.117800631030282599e+00 3.970415616537076309e-01
2.136154496410985537e+00 3.515889060387054621e-01
2.152258962019284461e+00 3.052914496902173758e-01
2.166075331911920809e+00 2.582604365195571017e-01
2.177570408000959912e+00 2.106088730344398696e-01
2.186716569822432454e+00 1.624512568060125783e-01
2.193491840903011525e+00 1.139033013531439986e-01
2.197879941565267004e+00 6.508165810502226922e-02
2.199870328044608137e+00 1.610363611013343119e-02
2.199458217823927697e+00 -3.291307983488939853e-02
2.196644601125075535e+00 -8.185071195926682530e-02
2.191436238529543168e+00 -1.305916725154808999e-01
2.183845644734084157e+00 -1.790188463200854951e-01
2.173891058480296401e+00 -2.270158721590366524e-01
2.161596398730423640e+00 -2.744674223813817204e-01
2.146991207194673734e+00 -3.212594800094996095e-01
2.130110577348154344e+00 -3.672796127000280131e-01
2.110995070107979377e+00 -4.124172428972355808e-01
2.089690616373163223e+00 -4.565639135296845619e-01
2.066248406661471471e+00 -4.996135486117863067e-01
2.040724768108429288e+00 -5.414627081240477313e-01
2.013181029124008425e+00 -5.820108365596112776e-01
1.983683372032214454e+00 -6.211605045398634894e-01
1.952302674047656783e+00 -6.588176429185431671e-01
1.919114336971186718e+00 -6.948917688118707581e-01
1.884198106013828422e+00 -7.292962030115678340e-01
1.847637878184320792e+00 -7.619482782583807401e-01
1.809521500700699281e+00 -7.927695378756473010e-01
1.769940559910263111e+00 -8.216859242856576762e-01
1.728990161225151478e+00 -8.486279569558078384e-01
1.686768700602265358e+00 -8.735308993470020100e-01
1.643377628116651445e+00 -8.963349144631442833e-01
1.598921204196422030e+00 -9.169852086279671743e-01
1.553506249104929182e+00 -9.354321631437331197e-01
1.507241886272163711e+00 -9.516314535154472010e-01
1.460239280092061165e+00 -9.655441559541260155e-01
1.412611368815786861e+00 -9.771368409031958580e-01
1.364472593182765481e+00 -9.863816533633097405e-01
1.315938621441526513e+00 -9.932563798225704232e-01
1.267126071421080802e+00 -9.977445016313404302e-01
1.218152230320629137e+00 -9.998352346933903068e-01
1.169134772890921159e+00 -9.995235553780136284e-01
1.120191478684376518e+00 -9.968102125908490097e-01
1.071439949053413665e+00 -9.917017259744036473e-01
1.022997324576940148e+00 -9.842103702426016065e-01
9.749800035940009435e-01 -9.743541456870002948e-01
9.275033625208888299e-01 -9.621567349255411017e-01
8.806814786237289194e-01 -9.476474459977570763e-01
8.346268559126910347e-01 -9.308611419431764844e-01
7.894501548164101212e-01 -9.118381570321185681e-01
7.452599262862037444e-01 -8.906241998501788215e-01
7.021623509689408626e-01 -8.672702434692591833e-01
6.602609840753067560e-01 -8.418324029690492649e-01
6.196565065564871855e-01 -8.143718006032499845e-01
5.804464831871393171e-01 -7.849544189345113443e-01
5.427251281359539714e-01 -7.536509422909931644e-01
5.065830785870603092e-01 -7.205365869254669597e-01
4.721071769562585896e-01 -6.856909202850892671e-01
4.393802622253399903e-01 -6.491976698260766288e-01
4.084809708958964114e-01 -6.111445218326817530e-01
3.794835480408843553e-01 -5.716229107238656182e-01
3.524576689079459424e-01 -5.307277993539127880e-01
3.274682715031531632e-01 -4.885574508349093681e-01
3.045754005574226042e-01 -4.452131924293123433e-01
2.838340632505448324e-01 -4.007991720799748969e-01
-2.500000000000000000e-01 3.750000000000000000e-01
-2.045454545454545303e-01 3.336776859504131942e-01
-1.590909090909090884e-01 3.006198347107438273e-01
-1.136363636363636465e-01 2.758264462809917328e-01
-6.818181818181817677e-02 2.592975206611570216e-01
-2.272727272727270709e-02 2.510330578512396937e-01
2.272727272727270709e-02 2.510330578512396937e-01
6.818181818181817677e-02 2.592975206611570216e-01
1.136363636363636465e-01 2.758264462809917328e-01
1.590909090909091161e-01 3.006198347107438273e-01
2.045454545454545858e-01 3.336776859504132497e-01
2.500000000000000000e-01 3.750000000000000000e-01
-2.500000000000000000e-01 -3.750000000000000000e-01
-2.045454545454545303e-01 -3.336776859504131942e-01
-1.590909090909090884e-01 -3.006198347107438273e-01
-1.136363636363636465e-01 -2.758264462809917328e-01
-6.818181818181817677e-02 -2.592975206611570216e-01
-2.272727272727270709e-02 -2.510330578512396937e-01
2.272727272727270709e-02 -2.510330578512396937e-01
6.818181818181817677e-02 -2.592975206611570216e-01
1.136363636363636465e-01 -2.758264462809917328e-01
1.590909090909091161e-01 -3.006198347107438273e-01
2.045454545454545858e-01 -3.336776859504132497e-01
2.500000000000000000e-01 -3.750000000000000000e-01
