-1.212068628890037081e+00 -6.748757600712669280e-01
-1.253879053798157450e+00 -7.179245282472602740e-01
-1.298196424689248563e+00 -7.583878290242543896e-01
-1.344861141057769549e+00 -7.961199415905215737e-01
-1.393705148883963574e+00 -8.309849809844863655e-01
-1.444552545848154068e+00 -8.628573874583317371e-01
-1.497220214809189764e+00 -8.916223786573348464e-01
-1.551518483265683868e+00 -9.171763629864864154e-01
-1.607251806425122220e+00 -9.394273126757376469e-01
-1.664219471420905982e+00 -9.582950952003530531e-01
-1.722216320141215506e+00 -9.737117618628167159e-01
-1.781033488066576798e+00 -9.856217924970268607e-01
-1.840459156455340972e+00 -9.939822954135172361e-01
-1.900279315168227345e+00 -9.987631618656445109e-01
-1.960278533384767208e+00 -9.999471744804613316e-01
-2.020240735436054980e+00 -9.975300692637801836e-01
-2.079949978959800827e+00 -9.915205509561297870e-01
-2.139191232575302415e+00 -9.819402616843031506e-01
-2.197751150277690080e+00 -9.688237030213915357e-01
-2.255418839762619143e+00 -9.522181117359906910e-01
-2.311986621914427165e+00 -9.321832896780447575e-01
-2.367250778722609361e+00 -9.087913884139615650e-01
-2.421012286933134749e+00 -8.821266493865935754e-01
-2.473077534792496479e+00 -8.522851005358504928e-01
-2.523259019303282447e+00 -8.193742104725036945e-01
-2.571376021480236584e+00 -7.835125014506101326e-01
-2.617255257174996075e+00 -7.448291225323629972e-01
-2.660731501125694898e+00 -7.034633844825304294e-01
-2.701648181984032338e+00 -6.595642580674753175e-01
-2.739857946176934345e+00 -6.132898375655306822e-01
-2.775223188572166322e+00 -5.648067714207988255e-01
-2.807616548036806048e+00 -5.142896620907645433e-01
-2.836921366103918096e+00 -4.619204372490560706e-01
-2.863032107095636825e+00 -4.078876946078437982e-01
-2.885854738189648661e+00 -3.523860227193807426e-01
-2.905307068060360987e+00 -2.956153002026735144e-01
-2.921319042875182070e+00 -2.377799759190004636e-01
-2.933832998579954499e+00 -1.790883326885799320e-01
-2.942803868564980441e+00 -1.197517371999631819e-01
-2.948199345963765872e+00 -5.998387881347613804e-02
-2.950000000000000178e+00 -1.836970198721029688e-16
-2.948199345963765872e+00 5.998387881347577028e-02
-2.942803868564980441e+00 1.197517371999628072e-01
-2.933832998579954499e+00 1.790883326885795712e-01
-2.921319042875181626e+00 2.377799759190009632e-01
-2.905307068060360987e+00 2.956153002026731813e-01
-2.885854738189648661e+00 3.523860227193812422e-01
-2.863032107095636380e+00 4.078876946078442978e-01
-2.836921366103918540e+00 4.619204372490557930e-01
-2.807616548036806048e+00 5.142896620907643213e-01
-2.775223188572166766e+00 5.648067714207984924e-01
-2.739857946176934789e+00 6.132898375655303491e-01
-2.701648181984032338e+00 6.595642580674749844e-01
-2.660731501125694898e+00 7.034633844825304294e-01
-2.617255257174996519e+00 7.448291225323626641e-01
-2.571376021480237029e+00 7.835125014506099106e-01
-2.523259019303282003e+00 8.193742104725039166e-01
-2.473077534792495591e+00 8.522851005358507148e-01
-2.421012286933134749e+00 8.821266493865935754e-01
-2.367250778722609805e+00 9.087913884139614540e-01
-2.311986621914427609e+00 9.321832896780446465e-01
-2.255418839762619587e+00 9.522181117359905800e-01
-2.197751150277690524e+00 9.688237030213914247e-01
-2.139191232575302415e+00 9.819402616843032616e-01
-2.079949978959801271e+00 9.915205509561297870e-01
-2.020240735436055424e+00 9.975300692637801836e-01
-1.960278533384766764e+00 9.999471744804613316e-01
-1.900279315168227123e+00 9.987631618656445109e-01
-1.840459156455340972e+00 9.939822954135172361e-01
-1.781033488066577020e+00 9.856217924970269717e-01
-1.722216320141215729e+00 9.737117618628168270e-01
-1.664219471420906427e+00 9.582950952003531642e-01
-1.607251806425122220e+00 9.394273126757376469e-01
-1.551518483265683868e+00 9.171763629864863043e-01
-1.497220214809189986e+00 8.916223786573350685e-01
-1.444552545848154512e+00 8.628573874583319592e-01
-1.393705148883964018e+00 8.309849809844864765e-01
-1.344861141057769549e+00 7.961199415905214627e-01
-1.298196424689248563e+00 7.583878290242542786e-01
-1.253879053798157450e+00 7.179245282472606071e-01
-1.212068628890037303e+00 6.748757600712672611e-01
1.210994721940529484e+00 6.736996355945611414e-01
1.252736532075452436e+00 7.168149386681568203e-01
1.296989402766049126e+00 7.573487703166612572e-01
1.343593965791872513e+00 7.951551557249511015e-01
1.392382383763882014e+00 8.300979424520635863e-01
1.443178954558593130e+00 8.620512907580843986e-01
1.495800744075548749e+00 8.909001267918166267e-01
1.550058245039374505e+00 9.165405570071708530e-01
1.605756059473857356e+00 9.388802423158311150e-01
1.662693602390254766e+00 9.578387306287582392e-01
1.720665824155635626e+00 9.733477465889496250e-01
1.779463948939777662e+00 9.853514374520317975e-01
1.838876226581249718e+00 9.938065742291999349e-01
1.898688695164978624e+00 9.986827073681248113e-01
1.958685951565017902e+00 9.999622764111705253e-01
2.018651927177569139e+00 9.976406732360132423e-01
2.078370666050584958e+00 9.917262586509087985e-01
2.137627102607686069e+00 9.822403322848460849e-01
2.196207836165550820e+00 9.692170558810225822e-01
2.253901899455528213e+00 9.527033302698809658e-01
2.310501518381757879e+00 9.327586264647713676e-01
2.365802860279702546e+00 9.094547714885100609e-01
2.419606767980366335e+00 8.828756897021426964e-01
2.471719477036617985e+00 8.531171005674648145e-01
2.521953313528652707e+00 8.202861739317531820e-01
2.570127369935602424e+00 7.845011440761273658e-01
2.616068156639244080e+00 7.458908839174797079e-01
2.659610226713567727e+00 7.045944408973991990e-01
2.700596771750121583e+00 6.607605362294993734e-01
2.738880186573403375e+00 6.145470293085080193e-01
2.774322600812568318e+00 5.661203492099567969e-01
2.806796375415109068e+00 5.156548953278072833e-01
2.836184562314405966e+00 4.633324093085061102e-01
2.862381325595743764e+00 4.093413205433253932e-01
2.885292322644044116e+00 3.538760675760780350e-01
2.904835043900689584e+00 2.971363978700157782e-01
2.920939110005860151e+00 2.393266484556792750e-01
2.933546525256291559e+00 1.806550100503034884e-01
2.942611886465669180e+00 1.213327772989017672e-01
2.948102546475491081e+00 6.157358783715855682e-02
2.949998731727539347e+00 1.592652916486567800e-03
2.948293613474559649e+00 -5.839401763799020872e-02
2.942993332372680904e+00 -1.181703933453634447e-01
2.934116976367021845e+00 -1.775212010612553237e-01
2.921696511950118591e+00 -2.362327002427327960e-01
2.905776669040741389e+00 -2.940934526938417948e-01
2.886414779897670257e+00 -3.508950840197078147e-01
2.863680572648575673e+00 -4.064330340469026748e-01
2.837655920177544644e+00 -4.605072935076667817e-01
2.808434545275604322e+00 -5.129231243348914004e-01
2.776121683116077321e+00 -5.634917609738931965e-01
2.740833702270303984e+00 -6.120310901853305285e-01
2.702697685628564717e+00 -6.583663068910819982e-01
2.661850972735441800e+00 -7.023305437011870822e-01
2.618440665187815597e+00 -7.437654718547176413e-01
2.572623096876679671e+00 -7.825218714104372753e-01
2.524563270980658025e+00 -8.184601686337624749e-01
2.474434265738710170e+00 -8.514509386447934869e-01
2.422416611142078846e+00 -8.813753715171726011e-01
2.368697638790173254e+00 -9.081257001492324399e-01
2.313470807251769568e+00 -9.316055883665291804e-01
2.256935005361103475e+00 -9.517304778580852886e-01
2.199293835957907728e+00 -9.684278926969172030e-01
2.140754882650860225e+00 -9.816377003481766561e-01
2.081528962245057457e+00 -9.913123282249335366e-01
2.021829365525761979e+00 -9.974169350117163546e-01
1.961871089132554591e+00 -9.999295361388256254e-01
1.901870061290227065e+00 -9.988410829555387505e-01
1.842042364184702352e+00 -9.941554953170914644e-01
1.782603455784523838e+00 -9.858896474680703959e-01
1.723767393910331736e+00 -9.740733072730599629e-01
1.665746065346705995e+00 -9.587490290133914295e-01
1.608748422772577680e+00 -9.399720001360661881e-01
1.552979732258259471e+00 -9.178098425067562349e-01
1.498640834039096204e+00 -8.923423688826376265e-01
1.445927419227887256e+00 -8.636612954820551691e-01
1.395029325070925807e+00 -8.318699116861768550e-01
1.346129851285566170e+00 -7.970827080620979110e-01
1.299405099941495889e+00 -7.594249640470512874e-01
1.255023341262913039e+00 -7.190322967785482966e-01
1.213144407635616595e+00 -6.760501726952915513e-01
-1.149999999999999911e+00 6.467499999999999361e-01
-1.095238095238095122e+00 6.098639455782312035e-01
-1.040476190476190332e+00 5.747772108843536287e-01
-9.857142857142856540e-01 5.414897959183673226e-01
-9.309523809523808646e-01 5.100017006802720632e-01
-8.761904761904761862e-01 4.803129251700680169e-01
-8.214285714285713969e-01 4.524234693877550728e-01
-7.666666666666666075e-01 4.263333333333333419e-01
-7.119047619047618181e-01 4.020425170068027132e-01
-6.571428571428571397e-01 3.795510204081632422e-01
-6.023809523809523503e-01 3.588588435374149288e-01
-5.476190476190475609e-01 3.399659863945577731e-01
-4.928571428571428825e-01 3.228724489795918307e-01
-4.380952380952380931e-01 3.075782312925169903e-01
-3.833333333333333037e-01 2.940833333333333077e-01
-3.285714285714286254e-01 2.823877551020408383e-01
-2.738095238095238360e-01 2.724914965986394710e-01
-2.190476190476190466e-01 2.643945578231292615e-01
-1.642857142857143682e-01 2.580969387755102096e-01
-1.095238095238095788e-01 2.535986394557823154e-01
-5.476190476190478940e-02 2.508996598639455788e-01
0.000000000000000000e+00 2.500000000000000000e-01
5.476190476190478940e-02 2.508996598639455788e-01
1.095238095238093567e-01 2.535986394557823154e-01
1.642857142857141461e-01 2.580969387755102096e-01
2.190476190476189355e-01 2.643945578231292615e-01
2.738095238095237249e-01 2.724914965986394155e-01
3.285714285714285143e-01 2.823877551020407828e-01
3.833333333333333037e-01 2.940833333333333077e-01
4.380952380952378711e-01 3.075782312925169348e-01
4.928571428571426605e-01 3.228724489795917751e-01
5.476190476190474499e-01 3.399659863945577731e-01
6.023809523809522393e-01 3.588588435374149288e-01
6.571428571428570287e-01 3.795510204081632422e-01
7.119047619047618181e-01 4.020425170068027132e-01
7.666666666666666075e-01 4.263333333333333419e-01
8.214285714285711748e-01 4.524234693877549618e-01
8.761904761904761862e-01 4.803129251700680169e-01
9.309523809523807536e-01 5.100017006802719521e-01
9.857142857142853209e-01 5.414897959183671006e-01
1.040476190476190332e+00 5.747772108843536287e-01
1.095238095238094900e+00 6.098639455782310925e-01
1.149999999999999911e+00 6.467499999999999361e-01
-1.149999999999999911e+00 -6.467499999999999361e-01
-1.095238095238095122e+00 -6.098639455782312035e-01
-1.040476190476190332e+00 -5.747772108843536287e-01
-9.857142857142856540e-01 -5.414897959183673226e-01
-9.309523809523808646e-01 -5.100017006802720632e-01
-8.761904761904761862e-01 -4.803129251700680169e-01
-8.214285714285713969e-01 -4.524234693877550728e-01
-7.666666666666666075e-01 -4.263333333333333419e-01
-7.119047619047618181e-01 -4.020425170068027132e-01
-6.571428571428571397e-01 -3.795510204081632422e-01
-6.023809523809523503e-01 -3.588588435374149288e-01
-5.476190476190475609e-01 -3.399659863945577731e-01
-4.928571428571428825e-01 -3.228724489795918307e-01
-4.380952380952380931e-01 -3.075782312925169903e-01
-3.833333333333333037e-01 -2.940833333333333077e-01
-3.285714285714286254e-01 -2.823877551020408383e-01
-2.738095238095238360e-01 -2.724914965986394710e-01
-2.190476190476190466e-01 -2.643945578231292615e-01
-1.642857142857143682e-01 -2.580969387755102096e-01
-1.095238095238095788e-01 -2.535986394557823154e-01
-5.476190476190478940e-02 -2.508996598639455788e-01
0.000000000000000000e+00 -2.500000000000000000e-01
5.476190476190478940e-02 -2.508996598639455788e-01
1.095238095238093567e-01 -2.535986394557823154e-01
1.642857142857141461e-01 -2.580969387755102096e-01
2.190476190476189355e-01 -2.643945578231292615e-01
2.738095238095237249e-01 -2.724914965986394155e-01
3.285714285714285143e-01 -2.823877551020407828e-01
3.833333333333333037e-01 -2.940833333333333077e-01
4.380952380952378711e-01 -3.075782312925169348e-01
4.928571428571426605e-01 -3.228724489795917751e-01
5.476190476190474499e-01 -3.399659863945577731e-01
6.023809523809522393e-01 -3.588588435374149288e-01
6.571428571428570287e-01 -3.795510204081632422e-01
7.119047619047618181e-01 -4.020425170068027132e-01
7.666666666666666075e-01 -4.263333333333333419e-01
8.214285714285711748e-01 -4.524234693877549618e-01
8.761904761904761862e-01 -4.803129251700680169e-01
9.309523809523807536e-01 -5.100017006802719521e-01
9.857142857142853209e-01 -5.414897959183671006e-01
1.040476190476190332e+00 -5.747772108843536287e-01
1.095238095238094900e+00 -6.098639455782310925e-01
1.149999999999999911e+00 -6.467499999999999361e-01
