-1.706327037858823559e-01 -1.316973215423294263e+00 -2.227568555531364680e+00
2.231565933117038991e+00 -6.315264895816441459e-01 4.754932436130010487e-02
9.225489247743901000e-01 -5.122267017574155812e-01 -1.115523744131701633e+00
-4.889940099502476656e-01 -8.583631610530600975e-01 2.389615391945571599e+00
1.140577281301719648e+00 2.271166893542498677e+00 -1.924384238057969654e+00
2.171298570879904410e+00 -1.228710467866707567e+00 -7.319579807724752030e-01
-1.664124668929125139e+00 6.016423458994807349e-01 5.310424162021182282e-01
9.338665215823754862e-01 7.721498096729251248e-01 1.331073166999503510e+00
-1.646385592800771569e+00 2.186542606979417602e+00 -1.290710502289875716e+00
-1.112795273549836317e+00 2.392886743522262272e+00 -1.768218914081794324e+00
